radix=10;
coefdata=-11.000000000000000 -4.000000000000000 -5.000000000000000 -6.000000000000000 -7.000000000000000 -8.000000000000000 -10.000000000000000 -11.000000000000000 -12.000000000000000 -13.000000000000000 -15.000000000000000 -16.000000000000000 -18.000000000000000 -19.000000000000000 -20.000000000000000 -21.000000000000000 -22.000000000000000 -23.000000000000000 -24.000000000000000 -24.000000000000000 -24.000000000000000 -24.000000000000000 -24.000000000000000 -23.000000000000000 -21.000000000000000 -19.000000000000000 -17.000000000000000 -14.000000000000000 -10.000000000000000 -6.000000000000000 -1.000000000000000 5.000000000000000 12.000000000000000 19.000000000000000 28.000000000000000 37.000000000000000 47.000000000000000 59.000000000000000 72.000000000000000 85.000000000000000 100.000000000000000 116.000000000000000 133.000000000000000 152.000000000000000 171.000000000000000 192.000000000000000 214.000000000000000 237.000000000000000 261.000000000000000 286.000000000000000 313.000000000000000 340.000000000000000 369.000000000000000 398.000000000000000 429.000000000000000 460.000000000000000 491.000000000000000 524.000000000000000 557.000000000000000 591.000000000000000 625.000000000000000 659.000000000000000 693.000000000000000 728.000000000000000 762.000000000000000 796.000000000000000 830.000000000000000 864.000000000000000 897.000000000000000 929.000000000000000 961.000000000000000 992.000000000000000 1022.000000000000000 1050.000000000000000 1077.000000000000000 1103.000000000000000 1128.000000000000000 1151.000000000000000 1172.000000000000000 1192.000000000000000 1210.000000000000000 1225.000000000000000 1239.000000000000000 1251.000000000000000 1261.000000000000000 1268.000000000000000 1274.000000000000000 1277.000000000000000 1278.000000000000000 1277.000000000000000 1274.000000000000000 1268.000000000000000 1261.000000000000000 1251.000000000000000 1239.000000000000000 1225.000000000000000 1210.000000000000000 1192.000000000000000 1172.000000000000000 1151.000000000000000 1128.000000000000000 1103.000000000000000 1077.000000000000000 1050.000000000000000 1022.000000000000000 992.000000000000000 961.000000000000000 929.000000000000000 897.000000000000000 864.000000000000000 830.000000000000000 796.000000000000000 762.000000000000000 728.000000000000000 693.000000000000000 659.000000000000000 625.000000000000000 591.000000000000000 557.000000000000000 524.000000000000000 491.000000000000000 460.000000000000000 429.000000000000000 398.000000000000000 369.000000000000000 340.000000000000000 313.000000000000000 286.000000000000000 261.000000000000000 237.000000000000000 214.000000000000000 192.000000000000000 171.000000000000000 152.000000000000000 133.000000000000000 116.000000000000000 100.000000000000000 85.000000000000000 72.000000000000000 59.000000000000000 47.000000000000000 37.000000000000000 28.000000000000000 19.000000000000000 12.000000000000000 5.000000000000000 -1.000000000000000 -6.000000000000000 -10.000000000000000 -14.000000000000000 -17.000000000000000 -19.000000000000000 -21.000000000000000 -23.000000000000000 -24.000000000000000 -24.000000000000000 -24.000000000000000 -24.000000000000000 -24.000000000000000 -23.000000000000000 -22.000000000000000 -21.000000000000000 -20.000000000000000 -19.000000000000000 -18.000000000000000 -16.000000000000000 -15.000000000000000 -13.000000000000000 -12.000000000000000 -11.000000000000000 -10.000000000000000 -8.000000000000000 -7.000000000000000 -6.000000000000000 -5.000000000000000 -4.000000000000000 -11.000000000000000;
